Pregunta N°15
left_15 =

   0.090900   1.000000   0.111100   0.333300   0.142900   0.200000
   1.000000  -0.111100  -1.000000  -0.142900  -0.333300  -0.200000
   0.111100  -1.000000   0.142900   1.000000   0.200000   0.333300
   0.333300  -0.142900   1.000000  -0.200000  -1.000000  -0.333300
   0.142900  -0.333300   0.200000  -1.000000   0.333300   1.000000
   0.200000  -0.200000   0.333300  -0.333300   1.000000  -1.000000

right_15 =

   0.090900   1.000000   0.111100   0.333300   0.142900   0.200000
   1.000000  -0.111100  -1.000000  -0.142900  -0.333300  -0.200000
   0.111100  -1.000000   0.142900   1.000000   0.200000   0.333300
   0.333300  -0.142900   1.000000  -0.200000  -1.000000  -0.333300
   0.142900  -0.333300   0.200000  -1.000000   0.333300   1.000000
   0.200000  -0.200000   0.333300  -0.333300   1.000000  -1.000000

P15 =

   1   0   0   0   0   0
   0   0   0   0   0   1
   0   1   0   0   0   0
   0   0   0   0   1   0
   0   0   1   0   0   0
   0   0   0   1   0   0

L15 =

   1.0000        0        0        0        0        0
        0   1.0000        0        0        0        0
        0   0.1111   1.0000        0        0        0
        0   0.3333   0.1072   1.0000        0        0
        0   0.1429   0.3214   0.2000   1.0000        0
        0   0.2000   0.1800   0.3733   0.3111   1.0000

T15 =

   0.0909   1.0000        0        0        0        0
   1.0000  -0.1111  -0.9877        0        0        0
        0  -0.9877   0.3637   1.3061        0        0
        0        0   1.3061  -0.4013  -1.2538        0
        0        0        0  -1.2538   0.7385   1.2136
        0        0        0        0   1.2136  -1.5912

