Pregunta N°14
P14 =

   1   0   0
   0   0   1
   0   1   0

T14 =

    1.0000   20.0000         0
   20.0000    1.0000   29.5000
         0   29.5000  -28.7500

L14 =

   1.0000        0        0
        0   1.0000        0
        0   0.5000   1.0000

