Pregunta N°12
left_12 =

    1    4    3    2
    4   27   13   16
    3   13    7    7
    2   16    7   10

right_12 =

    1    4    3    2
    4   27   13   16
    3   13    7    7
    2   16    7   10

