Pregunta N°13
P13 =

   1   0   0   0
   0   0   0   1
   0   1   0   0
   0   0   1   0

L13 =

   1.0000        0        0        0
        0   1.0000        0        0
        0   0.3333   1.0000        0
        0   0.6667   0.5000   1.0000

