Pregunta N°16
left_16 =

   1   1   1
   1   1   1
   1   1   1

right_16 =

   1   1   1
   1   1   1
   1   1   1

P16 =

   1   0   0
   0   1   0
   0   0   1

L16 =

   1   0   0
   0   1   0
   0   1   1

T16 =

   1   1   0
   1   1   0
   0   0   0

