Pregunta N°4b
P * A * Pt
left_hand_side =

   1   3   2   1
   3   1   2   1
   2   2   3   1
   1   1   1   2

L * T * Lt
right_hand_side =

   1   3   2   1
   3   1   2   1
   2   2   3   1
   1   1   1   2

P =

   1   0   0   0
   0   0   1   0
   0   0   0   1
   0   1   0   0

L =

   1.0000        0        0        0
        0   1.0000        0        0
        0   0.6667   1.0000        0
        0   0.3333   0.5000   1.0000

T =

   1.0000   3.0000        0        0
   3.0000   1.0000   1.3333        0
        0   1.3333   0.7778  -0.5000
        0        0  -0.5000   1.7500

